0.737727
-0.063752
0.016676
-0.187487
1.316018
0.248495
0.118410
0.063699
0.166279
-0.311565
0.501100
-0.231340
-0.340531
0.694398
0.594105
-2.411624
0.090472
-0.156696
0.667435
-0.293683
-0.865739
-0.119146
-0.103539
0.190505
-0.366008
-0.230225
-0.229264
-0.178827
-0.378413
0.223868
-0.457442
0.434198
0.541568
-0.545383
0.226573
-0.749840
-0.082693
-0.224218
-0.055704
-0.167112
-0.173360
0.001760
-0.063607
-0.647080
-0.166977
0.653698
-0.284166
0.510859
0.354362
-0.422576
0.113762
-0.200755
-0.118917
0.229701
0.626464
0.065398
0.745391
-0.034016
0.349472
0.208633
0.338279
0.184507
-0.751711
-0.280183
0.397428
-0.039664
-0.410426
-0.313614
-0.470562
1.567951
-0.040640
0.039277
-0.165471
-0.439411
-0.902183
-0.136023
-0.574439
0.342777
1.003360
0.222430
0.135765
-0.228532
-0.100077
-0.056743
-0.268999
0.444667
0.816544
-0.094465
0.091908
-0.041592
-1.053257
0.234184
0.217695
0.218922
0.012162
0.501398
0.011248
0.470985
0.310327
0.415354
-0.372646
0.264869
-1.044730
-0.372711
-0.428381
0.527734
0.174621
-0.932539
0.019944
-0.336339
-0.174525
0.103495
-0.286325
0.234370
0.058605
0.146990
0.577751
0.235807
-0.642700
-0.180897
-0.121217
-0.424050
0.799471
0.777457
-1.164001
-0.226305
0.265967
-0.156758
0.253176
0.357492
0.692884
-0.254413
-0.611393
-0.229976
0.173626
0.434622
0.184463
-0.113836
0.746405
-0.230517
-0.808975
0.065602
-0.315980
1.387872
-0.120726
0.019535
0.840778
0.458386
0.196561
0.681338
0.258074
-0.037162
0.009463
-0.424672
-0.413500
0.469737
-0.314721
0.218809
-0.166012
-0.457737
-3.038978
-0.092994
0.207796
-1.018066
-0.064635
0.640204
0.048372
0.257299
0.361368
1.913563
-2.687140
-1.212636
0.321350
0.043476
0.278847
0.188468
0.031969
-0.765660
-0.369413
0.449324
-0.226759
0.234417
-0.068727
-0.334009
-0.395802
-0.298983
0.159282
0.372903
-0.131547
-0.567579
-0.221575
0.570817
-0.106107
0.202185
-0.176212
-0.296704
-0.265698
-0.063610
-0.152751
0.839054
-0.563081
-0.561760
0.587420
-0.706869
-0.056753
-0.257673
-0.225776
0.367271
-0.313223
-0.716891
0.231613
-0.383109
-0.141079
0.171029
-0.040299
0.562303
0.379172
0.079900
0.312899
0.141275
0.048110
-0.158159
2.459057
0.345945
-0.177957
0.002163
-0.297246
0.166597
0.069251
0.201725
0.358367
0.049929
-0.499975
0.670116
-0.368509
-0.196627
0.276222
0.200468
-1.324423
0.133089
-0.544641
1.200124
0.047937
0.822840
-0.210028
-0.326911
0.350612
0.226065
-0.251390
-0.032790
-0.275638
-0.843042
0.185591
0.075235
0.358332
-0.091908
